35
32
80
114
111
106
101
116
32
68
101
118
79
112
115
32
226
128
147
32
80
114
105
115
101
32
100
101
32
114
101
110
100
101
122
45
118
111
117
115
32
40
86
77
32
43
32
69
75
83
32
43
32
72
65
32
43
32
67
73
47
67
68
32
43
32
83
195
169
99
117
114
105
116
195
169
41
10
10
35
35
32
65
114
99
104
105
116
101
99
116
117
114
101
10
45
32
42
42
80
114
111
100
42
42
58
32
69
67
50
47
65
76
66
32
40
102
114
111
110
116
32
38
32
98
97
99
107
32
101
110
32
65
83
71
44
32
109
105
110
61
50
41
44
32
87
65
70
44
32
67
111
100
101
68
101
112
108
111
121
32
98
108
117
101
47
103
114
101
101
110
32
40
98
97
99
107
101
110
100
41
44
32
97
114
116
101
102
97
99
116
115
32
83
51
32
40
102
114
111
110
116
41
10
45
32
42
42
83
116
97
103
105
110
103
42
42
58
32
69
75
83
32
40
72
101
108
109
32
99
104
97
114
116
32
98
97
99
107
101
110
100
44
32
73
110
103
114
101
115
115
41
44
32
115
99
97
110
115
32
38
32
116
101
115
116
115
32
97
118
97
110
116
32
112
114
111
109
111
116
105
111
110
10
45
32
42
42
77
111
110
103
111
68
66
32
65
116
108
97
115
42
42
32
40
112
101
101
114
105
110
103
32
86
80
67
41
44
32
42
42
69
67
82
42
42
32
40
105
109
97
103
101
115
41
44
32
42
42
83
51
42
42
32
40
97
114
116
101
102
97
99
116
115
47
108
111
103
115
47
116
102
115
116
97
116
101
41
10
10
35
35
32
68
195
169
112
108
111
105
101
109
101
110
116
10
49
46
32
96
105
110
102
114
97
47
116
101
114
114
97
102
111
114
109
96
32
226
134
146
32
96
116
101
114
114
97
102
111
114
109
32
105
110
105
116
96
32
40
98
97
99
107
101
110
100
32
83
51
41
32
43
32
96
116
101
114
114
97
102
111
114
109
32
97
112
112
108
121
96
32
40
86
80
67
44
32
65
76
66
44
32
65
83
71
44
32
69
67
82
44
32
83
51
44
32
87
65
70
44
32
69
75
83
44
32
73
65
77
44
32
67
111
100
101
68
101
112
108
111
121
41
10
50
46
32
80
114
111
118
105
115
105
111
110
32
86
77
115
32
118
105
97
32
96
105
110
102
114
97
47
97
110
115
105
98
108
101
47
115
105
116
101
46
121
109
108
96
32
40
97
103
101
110
116
115
44
32
110
103
105
110
120
44
32
100
111
99
107
101
114
41
10
51
46
32
42
42
66
117
105
108
100
42
42
32
40
112
117
115
104
32
115
117
114
32
109
97
105
110
41
32
226
134
146
32
97
114
116
101
102
97
99
116
115
32
83
51
32
43
32
105
109
97
103
101
32
69
67
82
10
52
46
32
42
42
83
116
97
103
105
110
103
42
42
32
97
117
116
111
32
40
72
101
108
109
32
69
75
83
41
32
43
32
90
65
80
32
98
97
115
101
108
105
110
101
10
53
46
32
42
42
80
114
111
100
42
42
32
40
116
97
103
32
96
118
88
46
89
46
90
96
41
32
226
134
146
32
67
111
100
101
68
101
112
108
111
121
32
98
97
99
107
101
110
100
32
43
32
115
121
110
99
32
102
114
111
110
116
32
83
51
32
226
134
146
32
102
114
111
110
116
32
86
77
115
10
10
35
35
32
83
195
169
99
117
114
105
116
195
169
10
45
32
87
65
70
32
40
65
87
83
77
97
110
97
103
101
100
82
117
108
101
115
67
111
109
109
111
110
82
117
108
101
83
101
116
41
44
32
84
76
83
32
118
105
97
32
65
67
77
32
40
114
101
110
115
101
105
103
110
101
114
32
96
99
101
114
116
105
102
105
99
97
116
101
95
97
114
110
96
41
10
45
32
73
65
77
32
108
101
97
115
116
45
112
114
105
118
105
108
101
103
101
32
40
69
67
50
32
83
83
77
47
67
87
47
83
51
47
69
67
82
44
32
67
111
100
101
68
101
112
108
111
121
32
114
111
108
101
41
44
32
115
101
99
114
101
116
115
32
118
105
97
32
83
101
99
114
101
116
115
32
77
97
110
97
103
101
114
32
40
195
160
32
98
114
97
110
99
104
101
114
41
10
45
32
67
73
58
32
67
111
100
101
81
76
44
32
110
112
109
32
97
117
100
105
116
44
32
103
105
116
108
101
97
107
115
59
32
73
109
97
103
101
115
58
32
115
99
97
110
32
69
67
82
32
40
115
99
97
110
95
111
110
95
112
117
115
104
41
10
10
35
35
32
79
98
115
101
114
118
97
98
105
108
105
116
195
169
10
45
32
67
108
111
117
100
87
97
116
99
104
32
76
111
103
115
47
65
108
97
114
109
115
32
40
69
67
50
47
65
76
66
41
10
45
32
79
84
101
108
32
67
111
108
108
101
99
116
111
114
32
40
116
114
97
99
101
115
32
226
134
146
32
88
45
82
97
121
41
32
115
117
114
32
98
97
99
107
32
86
77
115
10
45
32
40
83
116
97
103
105
110
103
41
32
80
114
111
109
101
116
104
101
117
115
47
71
114
97
102
97
110
97
47
76
111
107
105
32
195
160
32
97
106
111
117
116
101
114
32
115
105
32
115
111
117
104
97
105
116
195
169
10
10
35
35
32
86
97
114
105
97
98
108
101
115
32
71
105
116
72
117
98
32
83
101
99
114
101
116
115
10
96
65
87
83
95
82
79
76
69
96
44
32
96
65
87
83
95
82
69
71
73
79
78
96
44
32
96
65
87
83
95
65
67
67
79
85
78
84
96
44
32
96
80
82
79
74
69
67
84
96
10
10
35
35
32
68
111
115
115
105
101
114
115
10
45
32
96
102
114
111
110
116
101
110
100
47
96
32
40
115
116
97
116
105
99
32
43
32
110
103
105
110
120
41
10
45
32
96
98
97
99
107
101
110
100
47
96
32
40
78
111
100
101
47
69
120
112
114
101
115
115
32
43
32
68
111
99
107
101
114
102
105
108
101
32
43
32
67
111
100
101
68
101
112
108
111
121
32
104
111
111
107
115
41
10
45
32
96
105
110
102
114
97
47
116
101
114
114
97
102
111
114
109
47
96
32
40
109
111
100
117
108
101
115
32
43
32
117
115
101
114
100
97
116
97
41
10
45
32
96
105
110
102
114
97
47
97
110
115
105
98
108
101
47
96
32
40
114
111
108
101
115
58
32
99
111
100
101
100
101
112
108
111
121
45
97
103
101
110
116
44
32
110
103
105
110
120
44
32
110
111
100
101
44
32
99
119
97
103
101
110
116
44
32
111
116
101
108
41
10
45
32
96
107
56
115
47
99
104
97
114
116
115
47
114
100
118
47
96
32
40
72
101
108
109
32
98
97
99
107
101
110
100
41
10
45
32
96
46
103
105
116
104
117
98
47
119
111
114
107
102
108
111
119
115
47
96
32
40
67
73
44
32
66
117
105
108
100
44
32
68
101
112
108
111
121
32
83
116
97
103
105
110
103
44
32
68
101
112
108
111
121
32
80
114
111
100
41
10
10
35
35
32
78
111
116
101
115
10
45
32
82
101
109
112
108
97
99
101
114
32
96
80
82
79
74
69
67
84
96
32
100
97
110
115
32
115
99
114
105
112
116
115
47
117
115
101
114
100
97
116
97
32
112
97
114
32
108
101
32
110
111
109
32
114
195
169
101
108
32
40
111
117
32
101
120
112
111
114
116
101
114
32
108
97
32
118
97
114
105
97
98
108
101
32
100
97
110
115
32
69
67
50
41
46
10
45
32
65
106
111
117
116
101
114
32
96
99
101
114
116
105
102
105
99
97
116
101
95
97
114
110
96
32
112
111
117
114
32
97
99
116
105
118
101
114
32
72
84
84
80
83
32
108
105
115
116
101
110
101
114
32
100
97
110
115
32
108
101
32
109
111
100
117
108
101
32
65
76
66
32
40
102
97
99
117
108
116
97
116
105
102
32
105
99
105
41
46
10
